Position	AA	DLV	EFV	NVP	ETR
90	I	0	0	0	0
98	G	10	5	10	5
98	S	0	0	0	0
100	I	40	40	40	20
101	E	30	15	30	10
101	P	40	40	40	20
101	Q	5	5	5	5
101	R	0	0	0	0
101	H	15	10	15	5
101	N	15	10	15	5
103	N	60	60	60	5
103	R	5	5	5	0
103	S	60	60	60	5
103	T	60	60	60	5
103	Q	0	0	0	0
103	E	0	0	0	0
103	H	0	0	0	0
106	A	50	30	60	5
106	M	60	60	60	10
106	I	0	0	0	0
106	L	0	0	0	0
108	I	10	10	10	0
138	K	15	10	15	10
138	Q	10	10	10	10
138	A	5	5	5	5
138	G	5	5	5	5
179	D	10	10	10	10
179	E	10	10	10	10
179	I	0	0	0	0
179	T	0	0	0	0
179	F	30	15	30	15
181	C	60	30	60	35
181	I	60	30	60	45
181	V	60	30	60	45
181	S	60	30	60	20
188	C	30	30	60	10
188	H	30	30	30	10
188	L	30	60	60	10
188	F	0	0	0	0
190	A	0	40	60	10
190	C	0	60	60	10
190	E	30	60	60	10
190	Q	30	60	60	10
190	S	0	60	60	10
190	V	0	60	60	10
190	T	0	60	60	10
221	Y	0	0	0	0
225	H	15	30	15	10
227	C	30	15	30	15
227	L	5	5	15	5
230	L	60	45	60	25
234	I	10	10	10	10
236	L	60	0	0	0
238	T	30	15	30	5
238	N	30	15	30	5
238	R	0	0	0	0
318	F	60	10	30	10
