Position	AA	FPV/r	IDV/r	NFV	SQV/r	LPV/r	ATV/r	TPV/r	DRV/r
10	F	4	4	4	4	4	4	0	2
10	I	2	2	2	2	2	2	0	0
10	R	2	2	2	2	2	2	0	0
10	V	2	2	2	2	2	2	0	0
10	Y	2	2	2	2	2	2	0	0
11	I	5	0	0	0	0	0	0	4
13	V	0	0	0	0	0	0	0	0
16	A	0	0	0	0	0	0	0	0
16	E	0	0	0	0	0	0	0	0
20	I	0	0	0	0	0	0	0	0
20	M	0	0	0	0	0	0	0	0
20	R	0	0	0	0	0	0	0	0
20	T	0	0	0	0	0	0	0	0
20	V	0	0	0	0	0	0	0	0
23	I	0	0	15	0	0	0	0	0
24	I	3	5	3	3	3	3	-2	0
24	F	0	0	0	0	0	0	0	0
30	N	0	0	60	0	0	10	0	0
32	I	30	12	10	0	12	12	5	15
33	F	10	0	0	0	5	5	10	4
33	V	0	0	0	0	0	0	0	0
33	I	0	0	0	0	0	0	0	0
35	G	0	0	5	0	0	0	2	0
36	I	0	0	0	0	0	0	0	0
36	L	0	0	0	0	0	0	0	0
36	V	0	0	0	0	0	0	0	0
36	T	0	0	0	0	0	0	0	0
36	A	0	0	0	0	0	0	0	0
43	T	2	2	2	2	2	2	5	0
46	I	12	12	30	5	10	12	2	0
46	L	12	12	30	5	10	12	2	0
46	V	5	5	10	5	5	5	2	0
47	V	30	10	15	0	15	5	15	12
47	A	30	10	15	0	50	5	10	12
48	V	5	10	30	60	10	30	0	0
48	M	5	10	30	60	10	30	0	0
48	A	0	5	15	30	5	5	0	0
48	S	0	5	15	30	5	5	0	0
48	T	0	5	15	30	5	5	0	0
48	Q	0	5	15	30	5	5	0	0
48	L	0	5	15	30	5	5	0	0
50	V	60	0	10	0	20	0	-5	20
50	L	-5	-5	-5	-5	-5	60	-5	-5
53	L	3	3	3	10	3	5	0	0
53	Y	0	2	2	2	2	2	0	0
54	L	30	10	15	10	12	12	-8	15
54	M	30	10	15	10	12	12	15	20
54	S	10	12	15	15	12	12	10	0
54	T	10	12	15	15	12	12	10	0
54	V	10	12	15	15	12	12	5	0
54	A	10	12	15	15	12	12	15	0
58	E	0	0	5	0	0	5	10	0
60	E	0	0	0	0	0	0	0	0
62	V	0	0	0	0	0	0	0	0
63	P	0	0	0	0	0	0	0	0
71	T	2	2	2	2	2	2	0	0
71	V	2	2	2	2	2	2	0	0
71	I	2	2	2	2	2	2	0	0
71	L	2	2	2	2	2	2	0	0
73	C	2	5	10	10	2	10	2	0
73	S	2	5	10	10	2	10	2	0
73	T	2	5	10	10	2	10	2	0
73	A	2	5	10	10	2	10	2	0
74	P	5	5	10	5	5	5	10	2
74	S	0	0	10	0	0	0	0	0
76	V	35	25	5	-5	25	-5	-8	15
77	I	0	0	0	0	0	0	0	0
82	A	10	35	35	10	25	15	0	0
82	F	10	35	35	10	25	20	0	10
82	I	0	0	0	0	0	0	0	0
82	S	10	35	35	10	25	20	15	0
82	T	10	35	35	10	25	20	40	0
82	M	10	15	10	10	10	10	6	0
82	L	10	10	10	10	10	10	60	0
82	C	10	10	10	10	10	10	6	0
83	D	0	5	5	5	0	5	10	0
84	A	35	35	40	40	15	35	15	10
84	V	35	35	40	40	15	35	15	10
84	C	35	35	40	40	15	35	15	10
85	V	0	0	0	0	0	0	0	0
88	D	0	5	30	10	0	10	0	0
88	S	-10	10	60	5	0	60	0	-5
88	T	0	5	30	5	0	10	0	0
88	G	0	5	30	5	0	10	0	0
89	V	8	2	10	2	2	2	0	4
89	I	0	0	0	0	0	0	0	0
89	M	0	0	0	0	0	0	0	0
89	T	0	0	0	0	0	0	0	0
90	M	15	30	60	40	10	20	2	0
93	L	0	0	0	0	0	0	0	0
93	M	0	0	0	0	0	0	0	0
